   7.4289609094081596e-02
   1.9323631362393073e-01
   3.7960413333462911e-01
   2.7643472050229773e-01
   7.7088183623354367e-01
   1.6895066484588148e+00
   6.3819321910874771e-01
   2.7299975049693148e+00
   2.9096864235151543e+00
   9.4770337680214034e-01
   3.8389257725034858e+00
   1.4911338214472325e+00
   1.1307982912594425e-01
   2.4949599245964307e+00
   4.6199208123023122e-01
   1.0083865379246304e+00
  -1.2210161535602078e+00
  -5.7338358010501356e-02
   1.3775592261243239e+00
  -2.7927746809299514e-01
   2.5358133866004606e+00
   1.4468401240133195e+00
   2.5942427160563351e+00
   3.3719543662275564e+00
   1.2663558595977860e+00
   2.7725427567444023e+00
   6.9274011162289595e-01
   9.2674103185211598e-01
   2.2769497175771725e+00
  -1.4721603201117379e+00
   1.7762347814903061e+00
   2.3861946530364497e-01
  -1.7428728596422607e+00
   2.4022046054046817e+00
  -1.4649626118466861e+00
   8.9118280244590709e-01
   1.8989525154772782e+00
  -9.3677250647501775e-01
   1.6810138760028657e+00
   2.0155887040244522e+00
  -3.6562629489442211e-01
   3.7210086817412358e+00
   2.0025577813990330e+00
   1.5657257791873755e+00
   4.0933513795466689e+00
   2.1267283131254735e+00
   3.1716430560035307e+00
   3.2178693771494333e+00
   1.6319398633213247e+00
   5.3828277730254763e+00
   2.2805699469315743e+00
   2.2178051409262531e+00
   3.3736716260201991e+00
  -8.4180101322365308e-03
   2.0679517965238845e+00
   4.8162565909893322e+00
  -1.3965744404270350e+00
   2.9346069396034689e+00
   9.0005604881541945e-01
  -2.3981471904529275e+00
   4.3739086455723353e+00
  -1.6680153986489932e-01
  -1.4895632708100108e+00
   3.3300164541179940e+00
  -2.1727650229501942e+00
  -6.3528442387127404e-01
   2.9144828545539130e+00
  -1.6916006320736630e+00
   2.3574062186159486e+00
   3.1443712873352561e+00
  -9.4100985572920837e-01
   3.2928521348889106e+00
   4.3910531771641743e+00
   2.2997770117678833e+00
   5.9482171394481274e+00
   3.9414567950130088e+00
   2.5696866177149467e+00
   4.4086945066854328e+00
   4.1359637042252828e+00
   6.7506880004719401e+00
   1.3566260533582757e+00
   3.2630922005978280e+00
   4.9466212709661876e+00
   1.1651515961458302e-01
   3.3283120543492153e+00
   3.1887992994176400e+00
  -2.1652395243066369e+00
   2.2620748819901437e+00
   2.6063854835890741e+00
  -2.0760172291937957e+00
   3.1638078393502265e+00
   1.1150482407148485e+00
  -3.6385144931150535e+00
   4.4296723362696273e+00
   2.0822554729163534e-01
  -2.8729859142801186e+00
   3.6828082424433140e+00
  -3.1426546069692418e+00
   5.9436441620670999e-01
   5.4173170525040302e+00
  -1.3987231433055261e+00
   2.3187259088964240e+00
   3.5435639741077734e+00
   7.2886360395095773e-03
   4.8813281295571080e+00
   3.7843047622475896e+00
   1.4178068170078646e+00
   5.6589964983018461e+00
   4.4162637050782001e+00
   3.1679475840614821e+00
   3.5425341225299372e+00
   3.2688249012019512e+00
   5.0088949473305941e+00
   2.1659471183609496e+00
   4.7981198810536148e+00
   3.4324758595212912e+00
  -8.8293367780762955e-01
   4.5754278785007960e+00
   4.7574299645445555e+00
  -1.1568351249087316e+00
   5.8613938511341006e+00
   1.8153830245707747e+00
  -1.6778034267119164e+00
   7.2140041199758898e+00
  -7.0540848027606828e-01
  -2.4924267733119598e-01
   4.5976654247703550e+00
  -2.0822135522529002e+00
  -1.7466027945947815e-02
   4.7240348924517477e+00
  -1.6547067064057517e+00
   1.9092372714157571e+00
   6.1333881356059052e+00
  -4.7719819664140817e-01
   3.9427445428236583e+00
   7.5609760919599438e+00
   1.6720243498573899e+00
   4.8867140651050542e+00
   4.7164658028288651e+00
   1.9898111392740576e+00
   3.1801905580047873e+00
   5.4453569603800309e+00
   5.6988168232677570e+00
   2.4473712914388028e+00
   3.7485922496343571e+00
   5.8290760853390902e+00
   1.9302001785951700e-01
   6.0674816867358503e+00
   2.2543385564508465e+00
  -2.0762971005870248e+00
   6.0913371611619871e+00
   1.1201545987995445e+00
  -1.5224442268973375e+00
   5.8937478271663952e+00
  -1.1434349070103036e+00
   1.3632852828018622e+00
   7.4682324391685544e+00
   8.5414809093008326e-01
   4.0828952046480058e+00
   5.5175169018653900e+00
   3.6887717173344612e+00
   3.1490521183512463e+00
   7.4764933366898667e+00
   4.0688687596777813e+00
   2.8287617556954192e-02
   5.5369979666786602e+00
   8.7509803587517543e-01
   3.7931050182792747e-02
   6.2155039840510948e+00
  -5.8653608695555803e-02
   1.6423908361866764e+00
   5.6686801657058101e+00
   4.6900915932964093e-01
   1.8862135477329949e+00
   6.1668103865094093e+00
   2.9918910554774962e+00
   1.7403630664482135e+00
   7.9932361840451218e+00
   2.6546940803486319e+00
   9.8371191819521919e-01
