   1.3595199140997034e-02
   3.9683350932548950e-01
   4.9961537722927807e-01
   5.5119262273672288e-02
   3.1130057934780492e-01
   1.0662859226158463e+00
   1.5501489447523945e-01
   1.0184503602096153e+00
   1.4206801507015465e+00
   1.9827339415271095e-01
   1.6064135160236170e+00
   6.2052934470678389e-01
   4.6375807490785792e-01
   1.1466069532902106e+00
  -5.3385607641296629e-02
   5.7217917019994158e-01
  -6.7734150308662666e-01
  -4.2023258666294294e-01
   9.4798908403526194e-01
  -2.4861421902258263e-01
   1.5934947629310012e+00
   1.0213835716364263e+00
   1.5699369929380709e+00
   2.5537162970469209e+00
   7.6554670450059126e-01
   2.6374950402181128e+00
   6.4376593210402899e-01
   5.5620183759249353e-01
   1.3451559244590818e+00
  -1.0249034802262773e+00
   1.5100071176499426e+00
  -3.6368605701684836e-01
  -1.3022943028247165e+00
   1.2363075835037063e+00
  -1.0270613663097419e+00
   4.4467360661625471e-01
   1.3483474838061287e+00
  -1.2980364721055171e+00
   1.1583447093443144e+00
   1.1681599671521985e+00
  -4.2111437230296311e-01
   2.5074688903094882e+00
   1.3763962895345609e+00
   5.6823141522646514e-01
   3.0024387403792594e+00
   1.5363130767241500e+00
   2.4219714966448724e+00
   2.5090149097301184e+00
   1.1702447652584089e+00
   2.7502235148908678e+00
   1.4406239519627271e+00
   1.4083547565363794e+00
   3.1411580027170336e+00
   9.5439760479796854e-03
   1.3244243017878210e+00
   2.4886014929151861e+00
  -7.1698515950985520e-01
   1.3856154292716389e+00
   8.6122242910401980e-01
  -1.2077121476070505e+00
   2.3873492198948232e+00
  -7.0759401852423442e-01
  -9.0028272660147324e-01
   2.2228986165132500e+00
  -1.3856670888307101e+00
  -1.6953393388025750e-01
   2.0811215892841743e+00
  -1.0697420535370532e+00
   1.7438334873824131e+00
   1.9476082114622832e+00
  -6.1413945786412527e-01
   2.5664571538688445e+00
   2.0129027057831643e+00
   1.3135612017712817e+00
   2.9611742886098469e+00
   2.3841751667766187e+00
   2.0059413267746504e+00
   2.6985931015255384e+00
   2.2212237238867139e+00
   3.0777976236210489e+00
   1.1678164716760571e+00
   2.0396629433234552e+00
   3.0999472973712350e+00
   4.6948248798645155e-02
   2.1071117324763535e+00
   2.3105591923372271e+00
  -1.1827754528452403e+00
   1.9133905928183343e+00
   1.3146450081440639e+00
  -1.5030462590928817e+00
   3.1170639364513817e+00
   9.0287472081351638e-01
  -1.5988754278264310e+00
   3.1239164076968984e+00
  -3.5324810516772365e-01
  -1.1760230139123342e+00
   2.9263858841919363e+00
  -1.6715632764328687e+00
   3.5920729553970060e-01
   3.2318709873960332e+00
  -1.6228841841669523e+00
   1.2081765530731823e+00
   2.7997812754287628e+00
  -3.0075788514472696e-01
   3.0526102015377576e+00
   2.9485724522728729e+00
   5.5171722970653669e-01
   3.1042419464091346e+00
   3.1242528250423351e+00
   2.6528544479950917e+00
   2.7789135146374671e+00
   3.1691634032416469e+00
   3.1502126224862690e+00
   1.8149328036315402e+00
   2.7818577648489371e+00
   3.1863173877074731e+00
  -2.7213701886417502e-01
   3.1843072870510212e+00
   2.7550369216281023e+00
  -1.0728891530929401e+00
   3.9968768441293387e+00
   1.1786418774799707e+00
  -1.6180140439504780e+00
   3.6690332301702808e+00
  -4.4075358223433814e-01
  -1.0988674101669405e+00
   3.7171325540461804e+00
  -1.1120347338870011e+00
   1.4071739947112794e-01
   3.7602798930763033e+00
  -1.1501382065853276e+00
   1.5255115602129738e+00
   4.0246057675628917e+00
  -5.9594646442926957e-01
   2.3721235949345987e+00
   3.8295344826518827e+00
   1.0134430280603113e+00
   2.8080721422335877e+00
   4.0466546311165743e+00
   2.1823377048063968e+00
   2.7509001618431981e+00
   3.8321177772943149e+00
   3.1523649866164285e+00
   1.0670385599047985e+00
   3.6360714934645464e+00
   2.9403361699450992e+00
   1.8676148496265771e-01
   3.8454258478469576e+00
   2.2864369406737008e+00
  -1.1379864472443186e+00
   4.2554903894859706e+00
   4.5490330649536048e-01
  -8.5618219154426700e-01
   4.2108552846264224e+00
  -7.6991158217396372e-01
   7.4803037473878453e-01
   4.5507428030315786e+00
   5.6555895582236937e-01
   2.5469267869018588e+00
   4.4340228303275291e+00
   2.3474380645831712e+00
   1.8059492608264429e+00
   4.1806340225502989e+00
   2.1437308393408649e+00
  -2.9317507016124156e-01
   4.9350820978017449e+00
   5.5966404989597918e-01
   8.3110087757862439e-02
   4.8488122658981769e+00
  -1.4696803767465977e-01
   7.9275091470817460e-01
   4.9341561376451075e+00
   5.2567319041350513e-01
   1.3527279369430485e+00
   5.1214918031845231e+00
   1.5060719072527102e+00
   1.1020856972930531e+00
   4.6794810944767802e+00
   1.6794623903574046e+00
   2.7317437008037720e-01
