2.64654 
-1.62001 
3.01731 
2.03908 
-1.39810 
-1.93507 
1.87303 
-0.50045 
-1.50035 
3.22925 
1.56061 
2.05435 
-1.86685 
0.88978 
-2.62174 
-2.78497 
1.47154 
-2.25638 
2.10948 
-3.46443 
-2.07855 
-1.16628 
0.86128 
-0.69698 
0.92898 
-0.54538 
-0.67281 
1.72647 
3.01193 
-1.90202 
-3.75651 
1.14658 
2.59644 
2.22901 
-0.19794 
2.74623 
-2.05920 
-1.04026 
3.71717 
-0.24754 
0.26343 
-3.56770 
0.97824 
1.32142 
2.07621 
1.40408 
-1.38288 
3.87465 
0.09814 
2.53900 
-0.84377 
-0.14503 
1.78296 
0.63386 
-2.22023 
-2.19260 
-1.15696 
1.13658 
1.14417 
-3.58286 
3.94015 
-0.89719 
-1.60758 
-2.01959 
-3.59704 
0.43373 
1.11292 
-2.29709 
-2.18849 
-3.46814 
0.37556 
-1.19634 
-3.52516 
1.17601 
3.78475 
-0.05089 
-0.69927 
3.84200 
0.37574 
1.42448 
0.07389 
2.63484 
2.53347 
-2.23861 
-3.26809 
-0.37928 
2.12959 
-1.89558 
3.54616 
-0.28945 
-0.08440 
1.82151 
3.30453 
0.43020 
-0.42543 
2.06242 
1.53181 
0.81639 
-3.02140 
-0.87327 
1.40982 
2.44699 
-3.23530 
-1.78502 
-3.71813 
-0.36481 
0.26094 
-1.87243 
-3.17855 
0.39301 
3.48609 
-2.85079 
0.31876 
-2.35942 
0.60667 
-1.97446 
1.19858 
-3.94646 
-3.91171 
1.87470 
-3.19589 
2.20047 
1.96620 
-2.80063 
-3.87905 
-3.58856 
-0.93146 
-0.48729 
-3.71313 
2.68169 
2.25784 
2.86597 
1.70249 
0.75678 
2.00302 
-2.35411 
-3.24160 
-2.23405 
-2.71988 
1.12316 
1.12585 
-2.00822 
-2.98769 
2.51947 
0.91446 
0.11346 
-3.94825 
-3.79780 
2.67583 
-2.78515 
3.19097 
2.56418 
0.41069 
3.89780 
0.50369 
3.96338 
3.58121 
-2.62242 
-1.01523 
-1.20266 
2.55589 
2.12813 
1.11384 
1.73655 
3.01818 
3.14049 
3.29012 
1.34906 
1.27397 
-3.44020 
0.77103 
1.86765 
0.15014 
3.16640 
3.16698 
-0.38163 
-0.82337 
0.80195 
3.72976 
2.94493 
