   0.0000000000000000e+00
   0.0000000000000000e+00
   0.0000000000000000e+00
   0.0000000000000000e+00
   0.0000000000000000e+00
   6.2455136214489748e-01
   0.0000000000000000e+00
   7.7487296025244157e-01
   1.2293690545616360e+00
   0.0000000000000000e+00
   1.3837193134539547e+00
   3.5875650963721328e-01
   0.0000000000000000e+00
   5.2115890284312905e-01
  -2.3600900994419843e-01
   4.0629704918523996e-01
  -4.4193653754026513e-01
  -3.4270066482621725e-01
   2.7987101289194960e-01
  -5.3156181671617020e-01
   1.3772817024401762e+00
   3.0106570221132467e-01
   7.1106714897549916e-01
   1.1310801168054763e+00
   4.7946980614919721e-01
   1.3548073541841268e+00
   4.7119657212021010e-01
   3.9817228879507532e-01
   1.1918502961440873e+00
  -6.2637556126064386e-01
   5.5111860558207804e-01
  -2.9350685443670255e-01
  -9.2468385697110189e-01
   7.3675500490334267e-01
  -9.7791737970889847e-01
   1.6968656738958277e-15
   1.0027461532424025e+00
  -1.1493904901048564e+00
   9.8091926229891424e-01
   6.1141441973620703e-01
  -3.7187250831320484e-01
   1.5863705540971442e+00
   7.6453737834857960e-01
   2.7300183482165719e-01
   2.0452500489993448e+00
   7.2146719102609480e-01
   1.8506663115804476e+00
   1.9011801090753391e+00
   7.2704116347550607e-01
   1.6614236132307665e+00
   8.7895769284089165e-01
   1.0345360447196796e+00
   1.9624909099922028e+00
  -2.1141823540614868e-01
   9.2768785293271627e-01
   1.4216122083391867e+00
  -1.0623034690670561e+00
   6.2216704931350630e-01
   3.5968349220969908e-01
  -1.5512553307439816e+00
   1.4417218433524090e+00
  -5.1847191322702890e-01
  -1.1357761139569547e+00
   9.5553804898223227e-01
  -1.2334764062725312e+00
  -4.8921666601043795e-01
   1.3290367423985472e+00
  -1.3322913364508127e+00
   1.2634791198796209e+00
   1.8816681920091243e+00
  -5.7243386344226033e-01
   1.8394816662322420e+00
   1.8560462485512341e+00
   5.9929514270691342e-01
   2.2167693096997101e+00
   1.5562441150352428e+00
   1.3323912869910322e+00
   1.9459994697861618e+00
   1.6647845950425861e+00
   1.7330385733615610e+00
   5.2153124080474522e-01
   1.3038407961856568e+00
   2.6057240302826385e+00
  -2.3624514444437086e-14
   1.4052579114181769e+00
   1.0738380054067342e+00
  -1.2004446673520384e+00
   1.8503728587343169e+00
   6.5040098538226876e-01
  -1.2800297108318943e+00
   2.4401537583819990e+00
   2.7588179887797420e-01
  -1.1348927011203180e+00
   2.3271853970077632e+00
  -3.3224756721746235e-01
  -1.1793356705607325e+00
   2.5376249200769325e+00
  -1.6004983564806674e+00
  -8.0229655878460227e-15
   2.4165013433583016e+00
  -1.6796226119011994e+00
   7.0107634173214595e-01
   1.5570714646391390e+00
  -4.5337313226146886e-01
   2.4865016145558068e+00
   1.6113321236647951e+00
   2.2181329982712789e-01
   2.1647872317595667e+00
   1.5056741244844611e+00
   1.9201947003821376e+00
   2.2539210075525249e+00
   2.0063694046850329e+00
   2.2401754347039944e+00
   7.9986535935117575e-01
   2.0561357745758118e+00
   2.0662245114463889e+00
  -3.2306426256710274e-01
   1.7750701271066964e+00
   2.0409842924297963e+00
  -7.1786211314877246e-01
   1.9402892664750462e+00
   7.3194888070102360e-01
  -1.4278434049392570e+00
   2.9871315136457479e+00
  -6.2295338960667990e-01
  -7.6822524269362680e-01
   2.3534468179614749e+00
  -8.7449004147758258e-01
  -2.6370693238612597e-01
   2.1050541000093617e+00
  -1.1571324303885242e+00
   9.5965889123757153e-01
   3.1030547177183490e+00
  -6.8642537672469173e-01
   1.4429138504496304e+00
   3.1184457454431653e+00
   7.0164546002493311e-01
   2.2009014230923776e+00
   1.8154217767558052e+00
   1.4901464582855855e+00
   2.2457905022274640e+00
   2.9066422412884032e+00
   2.4539898308536752e+00
   5.0157674356495541e-01
   3.2375921178724649e+00
   2.2597667620293853e+00
  -1.5668446495167356e-14
   2.7555324969707788e+00
   1.0979095580305407e+00
  -1.0132134748857644e+00
   2.1848081604142209e+00
   1.2895957921144593e-01
  -7.9162595493788313e-01
   2.4495026584382393e+00
  -5.3892964424396927e-01
   2.6869569438970686e-01
   2.7046678081237907e+00
   1.5791787024130161e-01
   2.0976231637625715e+00
   3.2106492685858403e+00
   2.0527280508205834e+00
   1.2686699269630786e+00
   2.5634993444548146e+00
   1.8682461236385113e+00
  -4.8362792269200783e-01
   2.6272206217094443e+00
   3.5872515804717903e-01
  -2.0043536450756208e-01
   3.8338050561857915e+00
  -1.1890101680158326e-01
   4.8069741053755560e-01
   2.8900312989350985e+00
   3.5305337010333898e-01
   8.7199314814729068e-01
   3.4370516772264010e+00
   1.0107964909205520e+00
   8.5296446578781604e-01
   2.8859058170365994e+00
   1.1817633020627056e+00
  -2.6501614293549223e-14
