   9.2234958118347343e-01
   5.6119625481335655e-01
   6.5232469369172685e-01
   7.7267959719961632e-01
   1.0617579350576638e-01
   1.0010733655671114e+00
   5.4176378954450843e-01
   9.5791430803614830e-01
   1.7603546664792786e+00
   1.9566205169412521e-01
   2.3259848974745472e+00
   1.1185626241939453e+00
   1.5520957235311496e-02
   1.8419104812188936e+00
   4.5268619694673595e-01
   1.4327661530198701e+00
   7.0377638787283647e-02
  -1.1927006232259874e-01
   8.5684189801758792e-01
  -1.8411251657037364e-01
   2.0645685940159990e+00
   1.2929284690913110e+00
   1.9937898518093589e+00
   2.6021318735965888e+00
   1.3279443370023196e+00
   2.8605047305752302e+00
   7.0275889565554206e-01
   1.1053460049105346e+00
   1.8804223318472282e+00
  -4.4126870050089628e-01
   1.9939734675635732e+00
   3.4482312929706965e-01
  -5.7161267891634138e-01
   1.9177244981336852e+00
  -3.8543360015805528e-01
   5.0392759861109460e-01
   1.6805477752197704e+00
  -5.8377159980741711e-01
   1.4486492050918875e+00
   1.5758193318069971e+00
  -2.5385218277405697e-01
   2.4396827460020676e+00
   1.2702433482554840e+00
   6.3121161478837440e-01
   2.7594598410010778e+00
   1.5084305253745045e+00
   2.8527059261639183e+00
   2.3990979648420829e+00
   1.2762489549020515e+00
   3.5612328658040422e+00
   1.3163458395294561e+00
   1.6402015587483176e+00
   3.1944760032998838e+00
   3.4450698662778356e-01
   1.3648972006658566e+00
   2.2957317056149593e+00
  -7.0197015762018533e-01
   1.3502610120859426e+00
   1.1981675028918006e+00
  -6.7977650884170460e-01
   2.2452607263181021e+00
  -3.8809394425432475e-01
  -1.1901284366909044e+00
   2.0711342934042754e+00
  -1.2599463510993014e+00
   5.6814657652343614e-02
   2.3877021934898792e+00
  -5.8661854207840181e-01
   1.7319208429487907e+00
   2.3807714258598272e+00
  -4.2453411561452903e-01
   3.1017377880304546e+00
   2.0951206845689789e+00
   1.8606569620308426e+00
   3.8492473758421832e+00
   1.9153793981123033e+00
   2.6696626661221163e+00
   3.5653766271687810e+00
   2.7154185572947691e+00
   4.0015133310212958e+00
   1.1989972585626651e+00
   2.5763846746968579e+00
   4.0047866232242795e+00
   3.4381659270581161e-01
   2.4966059704785830e+00
   2.5176000358904806e+00
  -1.6146599138578057e+00
   2.8841256008869034e+00
   1.8505696081387759e+00
  -1.2342936354924481e+00
   3.1924175175116671e+00
   1.1263483172898945e+00
  -1.3173359942114280e+00
   3.0526495024070242e+00
   3.3030608160159913e-01
  -1.5059618185542520e+00
   3.0443242516972120e+00
  -1.6038548891875002e+00
   3.9744796966886792e-01
   3.0860764933481013e+00
  -7.5706690280551370e-01
   1.8385554530191244e+00
   3.0111912439112296e+00
  -4.8283298692295273e-01
   2.6239187785138092e+00
   3.3271818083492790e+00
   1.1692273564613906e+00
   3.7338817669490596e+00
   3.3903344852093218e+00
   2.5787097503005358e+00
   2.4533374458394102e+00
   3.4043149734491007e+00
   3.8613106199954776e+00
   2.3158867960216925e+00
   3.6830109063429015e+00
   3.2251650485072583e+00
  -2.3118288894121747e-01
   3.2892148759698019e+00
   2.4907167326384028e+00
  -1.0980289722415835e+00
   3.8202267395955407e+00
   1.5024406377941850e+00
  -1.5652578026818982e+00
   3.8327049295911424e+00
  -2.0758831689762447e-02
  -8.0710031180665287e-01
   3.9100475114410922e+00
  -5.5529632841346155e-01
   6.4538951564822344e-01
   3.7345530422912563e+00
  -1.2076994034531794e+00
   1.4342442630321119e+00
   3.7695680644019123e+00
   2.2322650445872494e-01
   2.2542942563059212e+00
   4.2204100702028517e+00
   1.1196324546492389e+00
   2.8386980213744373e+00
   4.3163156713647286e+00
   2.3507037669234414e+00
   3.2503654183785091e+00
   3.9332794272510667e+00
   3.4572501428147731e+00
   1.9434254605582799e+00
   4.1850089867383691e+00
   3.6329180257887121e+00
   7.4961164457205431e-01
   3.9830319915651313e+00
   2.5272686039449441e+00
  -1.1462187910453738e+00
   5.0853503739705008e+00
   3.5868867863578902e-01
  -3.4184148291420524e-01
   4.7424414771235712e+00
  -8.5083042541512677e-01
   5.3105405343657375e-01
   4.4177745766692933e+00
   1.1335241272551995e+00
   3.0685333306603577e+00
   4.3571935691663732e+00
   3.0230989654500791e+00
   2.1798582594062434e+00
   4.1841149698226889e+00
   2.6644141982203013e+00
  -1.0685400666980593e-01
   4.8702430588475485e+00
   6.0772502882854362e-01
  -2.3226297016366793e-01
   4.6623005695566446e+00
   6.2632314816096135e-01
   5.1778763012318563e-01
   5.5328183389771173e+00
   7.7786717256919846e-01
   2.0311567622465692e+00
   5.6233277129235599e+00
   1.5320499040450137e+00
   1.1629555419651532e+00
   4.9682742418688832e+00
   1.4057634687173806e+00
   3.5762511694913385e-01
