   1.2104711303641431e-01
   4.5075394097938659e-01
   7.1588294817297449e-01
   8.9284160814575320e-01
   2.7310247022514239e-01
   2.7789629616170726e+00
   8.6560347774475188e-01
   1.2186029078955367e+00
   4.2643606132182752e+00
   9.0839754344851831e-01
   3.6648420926927079e+00
   1.5312496018959842e+00
   4.9754484071249744e-02
   2.4335942140742102e+00
   2.2285994713149082e-01
   1.1432024396902336e+00
  -1.1318850423615745e+00
  -1.2430041914516092e+00
   1.1279075502422442e+00
  -9.2389852730856681e-01
   2.1134647712991854e+00
   1.2368065721385388e+00
   3.5023809020515881e+00
   2.5248855156247849e+00
   1.0650091789944851e+00
   3.9500297499087327e+00
   8.1846835961326470e-01
   1.1987248920379587e+00
   2.3333498869185765e+00
  -6.9272885595347367e-01
   2.0178186577295105e+00
  -7.9613007746204523e-01
  -2.3139942431789708e+00
   3.8838531397517384e+00
  -2.4212739865834991e+00
   6.4583124997499330e-01
   3.7978893535144005e+00
  -2.1570715113553716e+00
   2.2756757412067521e+00
   2.4748438441934222e+00
  -1.0012616452469218e+00
   3.2184687634394695e+00
   2.9143026719341587e+00
   1.8150627911605146e+00
   7.7082826921333121e+00
   2.7961633226071463e+00
   5.3401956424732946e+00
   4.1008859421422050e+00
   1.8476621087755691e+00
   3.8495337639402365e+00
   2.2378778622144986e+00
   3.3421018277279102e+00
   4.7486873615801883e+00
   1.7214492206567666e-01
   1.8295065258115639e+00
   5.4036518192227501e+00
  -1.5134128571140957e+00
   3.2722207151483742e+00
   2.3249270593033584e+00
  -3.5332599834535836e+00
   4.0885164834393226e+00
  -2.6133567016123016e+00
  -2.7668896100720470e+00
   5.0056043357585143e+00
  -3.0733201491740130e+00
  -6.0755431299795437e-01
   3.6031200879802534e+00
  -2.2317378687799394e+00
   3.1487817311119390e+00
   4.6672331542028962e+00
  -1.9582225607026391e+00
   3.7472059275742340e+00
   5.5117993486049688e+00
   2.7852641736473172e+00
   5.8893614880626997e+00
   5.4954517342780864e+00
   4.8261147567625855e+00
   5.3152098647294821e+00
   5.1652051644589685e+00
   7.6333527237000620e+00
   2.7835353403864489e+00
   6.4469741536280925e+00
   6.8636247149516585e+00
   6.3178992922168864e-01
   2.7944902487709209e+00
   6.1780738401726563e+00
  -1.5648724174410438e+00
   3.1972283411847555e+00
   3.2723476521363697e+00
  -4.3767992361074919e+00
   4.1316863436332865e+00
   1.1344063775217568e+00
  -4.9750409394355222e+00
   4.2627528777987660e+00
  -1.8461412849969272e-01
  -2.9209220303038737e+00
   4.6901912370190901e+00
  -2.8726325282741110e+00
   5.9466337145255721e-01
   8.7598077746893086e+00
  -2.9677680795377617e+00
   2.3583039618709769e+00
   6.3673292746237360e+00
  -3.8752300213939561e-01
   5.0706668050978578e+00
   4.6973724998759447e+00
   1.9012473915001324e+00
   8.1849430313764504e+00
   6.3732873315288208e+00
   5.7939741431235454e+00
   3.3891194312498567e+00
   5.5087199601372951e+00
   7.8477540535735253e+00
   3.6825817107263261e+00
   5.8581086250361203e+00
   7.0489274309499921e+00
  -6.2026201927732438e-01
   4.0780425525325068e+00
   6.0953562085538522e+00
  -1.3817602657024939e+00
   6.9572615343537043e+00
   1.9180583643651827e+00
  -4.1857760234300070e+00
   4.3089303920480226e+00
  -1.6959059962698038e+00
  -2.7178517741525035e+00
   1.1439628118998369e+01
  -2.3268254623408011e+00
   1.7039535424366348e-01
   7.9346521961834373e+00
  -1.3901270698610244e+00
   3.6279676318726386e+00
   6.7128827658027319e+00
  -1.9257723086521170e+00
   6.1415583347660654e+00
   7.4882335594660354e+00
   2.7193692025311149e+00
   4.2745845865806356e+00
   7.6473248581718209e+00
   5.6784635898538367e+00
   6.1973195429108632e+00
   5.5575238934343911e+00
   8.3345832036657868e+00
   2.3296284386000887e+00
   5.1208999803759259e+00
   4.1851227389495671e+00
   8.5796351308401642e-01
   8.4786639918425184e+00
   3.8168927972370641e+00
  -2.7613290071568404e+00
   8.2137991187375139e+00
   6.7502689992976650e-01
  -7.4438123352688490e-01
   7.2738484603960263e+00
  -4.2255194924470740e-01
   9.9730726939280745e-01
   1.0668768308055384e+01
   9.4717756782150042e-01
   3.0588527270047781e+00
   1.0001438241787344e+01
   5.2473285987975178e+00
   1.7481558660543834e+00
   4.5372977320529246e+00
   3.4756532032081640e+00
  -5.5006677706721718e-01
   5.2504466917077730e+00
   8.2695921300331043e-01
  -4.2796710204107613e-01
   1.1744948933567285e+01
   8.6519672936475278e-02
   1.4930684097857250e+00
   9.4810585695737739e+00
   1.1301223042562583e+00
   2.7120331178334194e+00
   6.6820850618693006e+00
   3.3977208362081335e+00
   3.2279009063563153e+00
   1.2383930121648639e+01
   3.2888091416422127e+00
   2.8748213211429795e-02
