0.0
0.0
0.0
0.0
0.0
1.0
0.0
0.951056516295155
1.30901699437494
0.0
1.53884176858762
0.499999999999986
0.0
0.951056516295133
-0.309016994374951
0.525731112119125
-0.688190960235597
-0.499999999999995
0.525731112119154
-0.688190960235575
1.5
0.525731112119148
1.21392207235473
2.11803398874988
0.525731112119153
2.38949257693965
0.499999999999976
0.525731112119126
1.2139220723547
-1.1180339887499
1.05146222423828
-0.425325404176037
-1.30901699437497
1.05146222423825
-1.3763819204712
2.46466629124306e-15
1.05146222423825
-1.3763819204712
1.0
1.05146222423831
-0.425325404176003
2.30901699437494
1.05146222423831
0.525731112119152
2.61803398874988
1.0514622242383
2.06457288070677
2.11803398874987
1.0514622242383
2.65235813299923
1.30901699437492
1.05146222423831
2.65235813299921
-0.309016994374971
1.05146222423831
2.06457288070672
-1.11803398874991
1.05146222423828
0.525731112119096
-1.61803398874992
1.90211303259027
-0.951056516295185
-1.30901699437495
1.90211303259025
-1.53884176858766
-0.49999999999999
1.90211303259027
-1.53884176858766
1.49999999999998
1.9021130325903
-0.951056516295162
2.30901699437493
1.90211303259036
0.951056516295171
2.9270509831248
1.90211303259035
1.90211303259032
2.61803398874985
1.90211303259034
3.07768353717524
0.999999999999972
1.90211303259035
3.07768353717522
-2.44076971233691e-14
1.90211303259034
1.90211303259025
-1.6180339887499
1.90211303259032
0.951056516295098
-1.92705098312486
2.75276384094237
0.425325404175949
-1.92705098312486
2.75276384094237
-0.525731112119184
-1.61803398874991
2.75276384094233
-1.70130161670413
-9.43867224339234e-15
2.75276384094233
-1.70130161670413
0.999999999999988
2.75276384094237
-0.52573111211913
2.61803398874982
2.75276384094237
0.425325404176025
2.92705098312476
2.75276384094242
2.32743843676634
2.30901699437491
2.75276384094242
2.9152236890588
1.49999999999996
2.75276384094239
2.91522368905877
-0.500000000000027
2.75276384094239
2.32743843676628
-1.30901699437497
3.60341464929444
0.850650808351975
-1.61803398874994
3.60341464929441
-0.68819096023563
-1.11803398874991
3.60341464929442
-1.2759762125281
-0.309016994374968
3.60341464929444
-1.27597621252807
1.30901699437492
3.60341464929444
-0.68819096023558
2.11803398874987
3.60341464929444
0.850650808352052
2.61803398874986
3.60341464929444
1.8017073246472
2.30901699437492
3.60341464929449
2.75276384094235
0.99999999999997
3.60341464929448
2.75276384094232
-2.65909728285304e-14
3.60341464929444
1.80170732464712
-1.30901699437499
4.12914576141361
0.1624598481164
-1.11803398874992
4.1291457614136
-1.0131106564685
0.499999999999972
4.12914576141361
0.16245984811647
2.11803398874986
4.1291457614136
2.06457288070675
1.49999999999997
4.12914576141362
2.06457288070671
-0.500000000000023
4.65487687353276
0.425325404175998
-0.309016994374971
4.65487687353276
-0.16245984811646
0.49999999999997
4.65487687353277
0.425325404176027
1.30901699437492
4.65487687353277
1.37638192047117
0.999999999999971
4.65487687353276
1.37638192047114
-2.84169645719383e-14
